3,2
3,1
3,3
10,181
10,163
10,197
10,11
10,121
10,119
10,73
10,1
10,75
10,2
10,3
11,11
11,25
11,24
11,7
11,22
11,10
11,18
11,5
11,2
11,3
9,7
9,1
9,5
9,2
9,3
8,6
8,17
8,13
8,12
8,14
8,1
8,16
8,2
8,3
0,318
155,337
155,336
155,335
155,334
155,333
155,332
155,331
155,330
155,329
155,328
155,327
155,326
155,325
155,324
155,323
155,322
155,321
155,320
155,319
155,318
155,317
155,316
155,315
155,314
155,313
155,312
155,311
155,310
155,309
155,308
155,307
155,306
155,305
155,304
155,303
155,302
155,301
155,300
155,299
155,298
155,297
155,296
155,295
155,294
155,293
155,292
155,291
155,290
155,289
13,3
155,288
155,287
155,286
155,285
155,284
155,283
155,282
155,281
155,280
155,279
155,278
155,277
155,276
155,275
155,274
155,273
155,272
155,271
155,270
155,269
155,268
155,267
155,266
155,265
155,264
155,263
155,262
155,261
155,260
155,259
155,258
155,257
155,180
155,179
155,178
155,177
155,176
155,175
